((("buffer." .
   [1 0 0 0 0 0 0])
  ("in" .
   [1 0])
  ("enter" .
   [1 0 0 0 0])
  ("with" .
   [1 0 0 0])
  ("file" .
   [1 0 0 0])
  ("fi" .
   [1 0])
  ("eval" .
   [1 0 0 0])
  ("Lisp" .
   [1 0 0 0])
  ("save" .
   [1 0 0 0])
  ("that" .
   [1 0 0 0])
  ("text" .
   [1 0 0 0])
  ("is" .
   [2 0])
  ("buffer" .
   [1 0 0 0 0 0])
  ("This" .
   [1 0 0 0])
  ("theme" .
   [1 0 0 0 0])
  ("default-black-theme" .
   [0 0 0 0 0 0 0 0 0 0 0 0 0 0 0 0 1 0 0])
  ("wheatgrass" .
   [0 0 0 0 0 0 0 0 0 1])
  ("require" .
   [1 0 0 0 0 1 0])
  ("load-theme" .
   [1 0 0 0 0 0 0 1 0 0])
  ("m" .
   [2])))
